g10 1 0.070989 0.118823
g8 1 0.0681759 0.111416
g9 1 0.0663061 0.108485
g3 1 0.0520929 0.0793364
g7 0 0.0438732 0.0634688
g6 0 0.04138 0.0494338
g5 0 0.0373756 0.0533761
g4 1 0.03048 0.0522772
g2 0 0.0226345 0.0334064
g1 1 0.0191325 0.036105

g9 1 0.0662374 0.108313
g8 0 0.0644442 0.113939
g10 0 0.0568009 0.0881502
g3 1 0.0512838 0.0784318
g5 1 0.0483217 0.0816284
g7 0 0.0438732 0.0634688
g6 0 0.0411834 0.0492184
g4 1 0.03048 0.0522772
g2 0 0.0226345 0.0334064
g1 0 0.0222679 0.0318074

g10 1 0.070989 0.118823
g9 1 0.0662374 0.108313
g8 1 0.0614706 0.0956283
g3 1 0.0512838 0.0784318
g7 0 0.0438732 0.0634688
g6 0 0.0411834 0.0492184
g4 1 0.03048 0.0522772
g5 0 0.0248602 0.0365925
g2 0 0.0226345 0.0334064
g1 0 0.0222679 0.0318074

