U292 1 0.123955 0.188138
U334 1 0.123065 0.18617
U291 0 0.115117 0.197627
U244 1 0.114437 0.172608
U254 1 0.0834455 0.160309
U286 1 0.0834455 0.160309
U290 1 0.0834455 0.160309
U300 1 0.0831246 0.125323
U238 1 0.083018 0.160135
U280 1 0.083018 0.160135
U322 1 0.0787125 0.130693
U306 0 0.0746986 0.125283
U230 0 0.0723284 0.122893
U301 0 0.071888 0.12182
U313 0 0.071888 0.12182
U329 0 0.071888 0.12182
U333 0 0.071888 0.12182
U237 0 0.0714916 0.118228
U264 0 0.0712155 0.121553
U268 0 0.0712155 0.121553
U218 0 0.0688542 0.114426
U226 0 0.0688542 0.114426
U296 1 0.0680239 0.114093
U215 0 0.0678192 0.112934
U231 0 0.0678192 0.112934
U243 0 0.0678192 0.112934
U229 1 0.065251 0.102475
U189 0 0.0641118 0.11358
U221 1 0.0637327 0.117221
U299 0 0.0633663 0.0848301
U241 1 0.0632739 0.0966046
U217 1 0.0631471 0.0972434
U225 1 0.0631471 0.0972434
U213 1 0.0627763 0.0963215
U222 0 0.0615273 0.120358
U199 0 0.0612218 0.0936929
U211 1 0.0598403 0.102211
U239 1 0.0589799 0.0807788
U323 0 0.0581852 0.0780657
U196 0 0.0566461 0.105518
U223 1 0.0564383 0.0980257
U248 0 0.0560309 0.0729175
U234 1 0.0559191 0.0783778
U205 0 0.0551103 0.0819945
U250 1 0.0546772 0.098352
U200 1 0.0541038 0.0971542
U305 1 0.0539664 0.0963402
U255 1 0.0527302 0.0703499
U302 0 0.0513525 0.073574
U224 0 0.0510758 0.072021
U233 0 0.0509445 0.0723965
U331 0 0.0508346 0.0714554
U212 0 0.0507561 0.0712711
U308 0 0.0507561 0.0712711
U228 0 0.0506595 0.0711656
U311 0 0.0505149 0.0707054
U235 0 0.0504723 0.0652394
U295 0 0.0497214 0.0619525
U259 0 0.0495566 0.061711
U206 1 0.049351 0.0730083
U220 0 0.049073 0.0586728
U325 1 0.0479439 0.0680873
U204 1 0.0478121 0.0842984
U207 0 0.047675 0.0594432
U272 0 0.047675 0.0594432
U216 0 0.0476619 0.0640137
U256 0 0.0473558 0.0663795
U192 1 0.047346 0.0642359
U190 1 0.0465371 0.0622563
U307 1 0.0465324 0.0850455
U321 0 0.0457362 0.0569009
U258 1 0.0446577 0.0796923
U191 0 0.0440977 0.0608245
U341 1 0.043912 0.0585959
U269 1 0.043796 0.0775926
U197 1 0.0431774 0.0576826
U270 0 0.0430717 0.0581036
U314 1 0.0427783 0.0753847
U315 0 0.0424088 0.0572562
U309 1 0.042392 0.0758987
U312 1 0.042392 0.0758987
U332 1 0.042392 0.0758987
U198 0 0.0421761 0.0500185
U318 1 0.0420931 0.0755508
U260 1 0.0418119 0.0732882
U261 0 0.0416028 0.0509533
U194 1 0.0414025 0.0723999
U297 0 0.0412001 0.0825142
U236 1 0.0410522 0.0655733
U349 1 0.040927 0.0713684
U327 0 0.0408032 0.0538715
U195 0 0.0406719 0.0494776
U246 0 0.0405525 0.0548831
U324 0 0.0402997 0.054436
U282 0 0.0401708 0.0542687
U240 0 0.039235 0.0462809
U265 0 0.0380788 0.0459271
U271 1 0.0373394 0.0497839
U262 1 0.0373196 0.0485204
U266 1 0.0373196 0.0485204
U347 1 0.0371157 0.0663969
U252 0 0.0370492 0.0431624
U284 0 0.0370492 0.0431624
U288 0 0.0370492 0.0431624
U245 0 0.0369374 0.0425664
U232 1 0.0362271 0.0616952
U281 0 0.0356202 0.0428719
U275 0 0.0355431 0.0537924
U328 1 0.0351893 0.0604379
U201 0 0.0349637 0.0477642
U336 0 0.0349637 0.0477642
U350 0 0.0349637 0.0477642
U344 0 0.0347943 0.0386293
U335 0 0.0347299 0.0392827
U355 0 0.0346504 0.0471575
U303 1 0.0338125 0.0540059
U247 1 0.0334982 0.042652
U283 1 0.0334982 0.042652
U293 0 0.0333292 0.0376726
U342 1 0.0332788 0.0422446
U277 1 0.0324587 0.0413029
U257 1 0.0321808 0.049122
U251 1 0.0318438 0.0400998
U287 1 0.0318438 0.0400998
U294 1 0.0317321 0.0520457
U193 1 0.030877 0.0464452
U209 0 0.0304792 0.036405
U330 1 0.0297789 0.0430215
U208 0 0.0293985 0.0318335
U273 0 0.0293985 0.0318335
U279 0 0.0293985 0.0318335
U210 1 0.0286288 0.0342063
U276 1 0.0286288 0.0342063
U316 1 0.0272129 0.0479073
U202 1 0.0255257 0.0278498
U214 1 0.0255257 0.0278498
U242 1 0.0255257 0.0278498
U298 1 0.0255257 0.0278498
U310 1 0.0255257 0.0278498
U319 1 0.0255257 0.0278498
U337 1 0.0255257 0.0278498
U351 1 0.0255257 0.0278498
U356 1 0.0255257 0.0278498
U203 1 0.024308 0.0253554
U219 1 0.024308 0.0253554
U227 1 0.024308 0.0253554
U320 1 0.024308 0.0253554
U339 1 0.024308 0.0253554
U353 1 0.024308 0.0253554
U358 1 0.024308 0.0253554
U326 0 0.0226108 0.0333029
U354 0 0.022538 0.0329852
U317 0 0.0224226 0.0277029
U345 0 0.0223725 0.0275489
U274 1 0.021308 0.0387552
U346 1 0.021308 0.0387552
U278 0 0.0209688 0.0232357
U249 0 0.0203983 0.0214827
U253 0 0.0203983 0.0214827
U285 0 0.0203983 0.0214827
U289 0 0.0203983 0.0214827
U304 0 0.0203983 0.0214827
U348 0 0.0202162 0.024619
U263 0 0.0186863 0.0208915
U267 0 0.0186863 0.0208915
U338 0 0.0186863 0.0208915
U343 0 0.0186863 0.0208915
U352 0 0.0186863 0.0208915
U357 0 0.0186863 0.0208915
U340 1 0.0154221 0.0250087
U359 1 0.0154221 0.0250087

U292 1 0.123811 0.187963
U334 1 0.123253 0.186411
U291 0 0.115058 0.197539
U297 1 0.0981049 0.153391
U244 0 0.0875128 0.200115
U237 1 0.0850789 0.150542
U254 1 0.0834227 0.160259
U286 1 0.0834227 0.160259
U290 1 0.0834227 0.160259
U238 1 0.0829951 0.160085
U280 1 0.0829951 0.160085
U218 1 0.0805264 0.148015
U226 1 0.0805264 0.148015
U222 1 0.0790241 0.128636
U215 1 0.0787399 0.147023
U231 1 0.0787399 0.147023
U243 1 0.0787399 0.147023
U306 0 0.0747557 0.125409
U189 1 0.0729502 0.120137
U230 0 0.0722892 0.122797
U298 0 0.0719419 0.121951
U313 0 0.0719419 0.121951
U264 0 0.0711772 0.121456
U268 0 0.0711772 0.121456
U296 0 0.0699483 0.0923091
U196 1 0.068443 0.112045
U241 0 0.065441 0.104919
U217 0 0.0653496 0.104815
U225 0 0.0653496 0.104815
U229 1 0.0652273 0.102416
U213 0 0.0651168 0.104296
U199 1 0.0644553 0.103847
U299 1 0.0626187 0.10521
U211 1 0.0598403 0.102211
U323 0 0.0582152 0.0781316
U259 1 0.0565289 0.10222
U223 1 0.0564383 0.0980257
U200 0 0.0563947 0.0711504
U234 1 0.0559191 0.0783778
U205 0 0.0551103 0.0819945
U305 1 0.0539911 0.0963704
U236 0 0.0537469 0.0683372
U233 1 0.0532369 0.0703902
U221 0 0.0522568 0.0654298
U302 0 0.0513525 0.073574
U224 0 0.0510758 0.072021
U331 0 0.0508346 0.0714554
U212 0 0.0507561 0.0712711
U308 0 0.0507561 0.0712711
U228 0 0.0506595 0.0711656
U311 0 0.0505149 0.0707054
U235 0 0.0504643 0.0652253
U257 0 0.0502225 0.0644029
U206 1 0.049351 0.0730083
U272 1 0.0481933 0.087584
U295 0 0.0479599 0.0595702
U325 1 0.0479439 0.0680873
U250 0 0.0478013 0.0593253
U216 0 0.0476619 0.0640137
U256 1 0.0474447 0.0644774
U192 1 0.047346 0.0642359
U255 0 0.0471397 0.0641678
U321 1 0.0467901 0.0857815
U190 1 0.0465371 0.0622563
U307 1 0.0465324 0.0850455
U239 0 0.0464216 0.065062
U245 1 0.0464174 0.0829745
U341 1 0.0446714 0.0594329
U191 0 0.0440977 0.0608245
U269 1 0.043796 0.0775926
U207 1 0.0437844 0.0771247
U197 1 0.0431774 0.0576826
U270 0 0.0430717 0.0581036
U314 1 0.0427783 0.0753847
U232 0 0.0427244 0.0540447
U322 0 0.0426262 0.0725854
U315 0 0.0424088 0.0572562
U309 1 0.042392 0.0758987
U312 1 0.042392 0.0758987
U332 1 0.042392 0.0758987
U198 0 0.0421761 0.0500185
U318 1 0.0420931 0.0755508
U260 1 0.0418119 0.0732882
U261 0 0.0416028 0.0509533
U194 1 0.0414025 0.0723999
U258 0 0.0410359 0.0488243
U349 1 0.040927 0.0713684
U327 0 0.0408032 0.0538715
U195 0 0.0406719 0.0494776
U246 0 0.0405525 0.0548831
U324 0 0.0402997 0.054436
U282 0 0.0401708 0.0542687
U304 0 0.0400167 0.0471595
U300 0 0.0384848 0.0675469
U265 0 0.0380788 0.0459271
U248 1 0.0376592 0.0646933
U271 1 0.0373394 0.0497839
U262 1 0.0373196 0.0485204
U266 1 0.0373196 0.0485204
U252 0 0.0370492 0.0431624
U284 0 0.0370492 0.0431624
U288 0 0.0370492 0.0431624
U204 0 0.036063 0.0436348
U281 0 0.0356202 0.0428719
U275 0 0.0355431 0.0537924
U328 1 0.0351893 0.0604379
U344 1 0.0350698 0.0589411
U201 0 0.0349637 0.0477642
U336 0 0.0349637 0.0477642
U350 0 0.0349637 0.0477642
U335 0 0.0349089 0.0394884
U355 0 0.0346504 0.0471575
U303 1 0.0338125 0.0540059
U247 1 0.0334982 0.042652
U283 1 0.0334982 0.042652
U240 1 0.0333326 0.051702
U293 0 0.0331981 0.0375219
U277 1 0.0324587 0.0413029
U220 1 0.0320709 0.0520045
U251 1 0.0318438 0.0400998
U287 1 0.0318438 0.0400998
U294 1 0.0313022 0.0514325
U342 0 0.0310536 0.0408079
U193 1 0.030877 0.0464452
U209 0 0.0304792 0.036405
U330 1 0.0297789 0.0430215
U208 0 0.0293985 0.0318335
U273 0 0.0293985 0.0318335
U279 0 0.0293985 0.0318335
U210 1 0.0286288 0.0342063
U276 1 0.0286288 0.0342063
U316 1 0.0272129 0.0479073
U202 1 0.0255257 0.0278498
U214 1 0.0255257 0.0278498
U242 1 0.0255257 0.0278498
U301 1 0.0255257 0.0278498
U310 1 0.0255257 0.0278498
U319 1 0.0255257 0.0278498
U329 1 0.0255257 0.0278498
U333 1 0.0255257 0.0278498
U337 1 0.0255257 0.0278498
U351 1 0.0255257 0.0278498
U356 1 0.0255257 0.0278498
U203 1 0.024308 0.0253554
U219 1 0.024308 0.0253554
U227 1 0.024308 0.0253554
U320 1 0.024308 0.0253554
U339 1 0.024308 0.0253554
U353 1 0.024308 0.0253554
U358 1 0.024308 0.0253554
U326 0 0.0226108 0.0333029
U317 0 0.0224226 0.0277029
U345 0 0.0223725 0.0275489
U347 0 0.0222186 0.0270761
U274 1 0.021308 0.0387552
U346 1 0.021308 0.0387552
U278 0 0.0209688 0.0232357
U249 0 0.0203983 0.0214827
U253 0 0.0203983 0.0214827
U285 0 0.0203983 0.0214827
U289 0 0.0203983 0.0214827
U348 0 0.0202162 0.024619
U354 1 0.0197157 0.0368155
U263 0 0.0186863 0.0208915
U267 0 0.0186863 0.0208915
U352 0 0.0186863 0.0208915
U338 1 0.0154221 0.0250087
U340 1 0.0154221 0.0250087
U343 1 0.0154221 0.0250087
U357 1 0.0154221 0.0250087
U359 1 0.0154221 0.0250087

U292 1 0.123811 0.187963
U334 1 0.123253 0.186411
U291 0 0.115058 0.197539
U244 1 0.114437 0.172608
U254 1 0.0834227 0.160259
U286 1 0.0834227 0.160259
U290 1 0.0834227 0.160259
U238 1 0.0829951 0.160085
U280 1 0.0829951 0.160085
U322 1 0.0787377 0.130728
U306 0 0.0747557 0.125409
U230 0 0.0722892 0.122797
U313 0 0.0719419 0.121951
U329 0 0.0719419 0.121951
U333 0 0.0719419 0.121951
U237 0 0.0714916 0.118228
U264 0 0.0711772 0.121456
U268 0 0.0711772 0.121456
U218 0 0.0688542 0.114426
U226 0 0.0688542 0.114426
U296 1 0.0680239 0.114093
U215 0 0.0678192 0.112934
U243 0 0.0678192 0.112934
U262 1 0.0652797 0.101806
U229 1 0.0652273 0.102416
U221 1 0.0635111 0.116739
U241 1 0.0632739 0.0966046
U217 1 0.0631471 0.0972434
U225 1 0.0631471 0.0972434
U213 1 0.0627763 0.0963215
U299 1 0.0626187 0.10521
U199 0 0.0612218 0.0936929
U222 0 0.0609126 0.119496
U211 1 0.0598403 0.102211
U189 0 0.0594158 0.108509
U323 0 0.0582152 0.0781316
U223 1 0.0564383 0.0980257
U196 0 0.0560888 0.104916
U234 1 0.0559191 0.0783778
U205 0 0.0551103 0.0819945
U200 1 0.0541038 0.0971542
U305 1 0.0539911 0.0963704
U255 1 0.0527302 0.0703499
U302 0 0.0513525 0.073574
U239 1 0.0511539 0.068775
U224 0 0.0510758 0.072021
U331 0 0.0508346 0.0714554
U212 0 0.0507561 0.0712711
U308 0 0.0507561 0.0712711
U228 0 0.0506595 0.0711656
U311 0 0.0505149 0.0707054
U235 0 0.0504643 0.0652253
U259 0 0.0495566 0.061711
U206 1 0.049351 0.0730083
U220 0 0.0490117 0.0585407
U233 0 0.0485672 0.0669168
U295 0 0.0479599 0.0595702
U325 1 0.0479439 0.0680873
U250 0 0.0478013 0.0593253
U204 1 0.0477734 0.0842303
U207 0 0.0476807 0.0594526
U272 0 0.0476807 0.0594526
U216 0 0.0476619 0.0640137
U256 0 0.0473558 0.0663795
U192 1 0.047346 0.0642359
U190 1 0.0465371 0.0622563
U307 1 0.0465324 0.0850455
U321 0 0.0457418 0.0569107
U341 1 0.0446714 0.0594329
U258 1 0.0446577 0.0796923
U191 0 0.0440977 0.0608245
U269 1 0.043796 0.0775926
U197 1 0.0431774 0.0576826
U270 0 0.0430717 0.0581036
U314 1 0.0427783 0.0753847
U315 0 0.0424088 0.0572562
U309 1 0.042392 0.0758987
U312 1 0.042392 0.0758987
U332 1 0.042392 0.0758987
U198 0 0.0421761 0.0500185
U318 1 0.0420931 0.0755508
U260 1 0.0418119 0.0732882
U261 0 0.0416028 0.0509533
U194 1 0.0414025 0.0723999
U297 0 0.0412001 0.0825142
U236 1 0.0410522 0.0655733
U349 1 0.040927 0.0713684
U327 0 0.0408032 0.0538715
U195 0 0.0406719 0.0494776
U246 0 0.0405525 0.0548831
U324 0 0.0402997 0.054436
U282 0 0.0401708 0.0542687
U240 0 0.039235 0.0462809
U300 0 0.0384848 0.0675469
U265 0 0.0380788 0.0459271
U248 1 0.0376592 0.0646933
U271 1 0.0373394 0.0497839
U266 1 0.0373196 0.0485204
U347 1 0.0371157 0.0663969
U252 0 0.0370492 0.0431624
U284 0 0.0370492 0.0431624
U288 0 0.0370492 0.0431624
U245 0 0.0369374 0.0425664
U281 0 0.0356202 0.0428719
U275 0 0.0355431 0.0537924
U328 1 0.0351893 0.0604379
U232 1 0.03517 0.0602707
U201 0 0.0349637 0.0477642
U336 0 0.0349637 0.0477642
U350 0 0.0349637 0.0477642
U335 0 0.0349089 0.0394884
U344 0 0.0347943 0.0386293
U355 0 0.0346504 0.0471575
U303 1 0.0338125 0.0540059
U247 1 0.0334982 0.042652
U283 1 0.0334982 0.042652
U293 0 0.0331981 0.0375219
U277 1 0.0324587 0.0413029
U257 1 0.0321808 0.049122
U251 1 0.0318438 0.0400998
U287 1 0.0318438 0.0400998
U294 1 0.0313022 0.0514325
U342 0 0.0310536 0.0408079
U193 1 0.030877 0.0464452
U209 0 0.0304792 0.036405
U330 1 0.0297789 0.0430215
U208 0 0.0293985 0.0318335
U273 0 0.0293985 0.0318335
U279 0 0.0293985 0.0318335
U210 1 0.0286288 0.0342063
U276 1 0.0286288 0.0342063
U316 1 0.0272129 0.0479073
U202 1 0.0255257 0.0278498
U214 1 0.0255257 0.0278498
U242 1 0.0255257 0.0278498
U298 1 0.0255257 0.0278498
U301 1 0.0255257 0.0278498
U310 1 0.0255257 0.0278498
U319 1 0.0255257 0.0278498
U337 1 0.0255257 0.0278498
U351 1 0.0255257 0.0278498
U356 1 0.0255257 0.0278498
U203 1 0.024308 0.0253554
U219 1 0.024308 0.0253554
U227 1 0.024308 0.0253554
U231 1 0.024308 0.0253554
U320 1 0.024308 0.0253554
U339 1 0.024308 0.0253554
U353 1 0.024308 0.0253554
U358 1 0.024308 0.0253554
U326 0 0.0226108 0.0333029
U354 0 0.022538 0.0329852
U317 0 0.0224226 0.0277029
U345 0 0.0223725 0.0275489
U274 1 0.021308 0.0387552
U346 1 0.021308 0.0387552
U278 0 0.0209688 0.0232357
U249 0 0.0203983 0.0214827
U253 0 0.0203983 0.0214827
U285 0 0.0203983 0.0214827
U289 0 0.0203983 0.0214827
U304 0 0.0203983 0.0214827
U348 0 0.0202162 0.024619
U267 0 0.0186863 0.0208915
U338 0 0.0186863 0.0208915
U352 0 0.0186863 0.0208915
U357 0 0.0186863 0.0208915
U263 1 0.0154221 0.0250087
U340 1 0.0154221 0.0250087
U343 1 0.0154221 0.0250087
U359 1 0.0154221 0.0250087

